0.993282971855032
-0.9112606652129689
0.23127719384741185
-1.7895555250121469
-4.590812441959672
-0.7776883225169605
2.461091420484801
2.2375199691484418
-1.024783879141857
2.3794035250695282
-0.8884421927516472
-1.3217380301914878
-3.582255179801308
1.4597988296245012
-0.4672798349089067
0.3411641566541779
-1.885401656677907
-2.2522994942271013
0.932910733547833
1.9097286555380801
-0.6366171972387286
0.3478175044886906
1.3859845726177387
0.4231059010052211
-0.9185114120059198
0.41845029842444836
2.23706223156929
-0.048123038403446596
-0.9737513835259692
0.2852567891839016
-0.824609818574797
0.06458199707672378
-1.477121959581302
0.15715405433481405
-1.0681927661017074
-2.456122486377046
-1.2734419074511634
-1.5909458605805624
0.04086084902202907
1.1604295063408498
0.982761933847092
