-0.04456872934871492
-0.8309536155526973
0.3046193465043405
3.9635906534423477
1.2485496435387111
2.101143611504928
4.99727288323319
2.1284052783554643
4.465729190737647
3.8629165828570162
2.7289097944769884
4.997407643884543
2.7513549936165353
3.5922897767508246
-0.036231269144513585
2.447082506106868
4.9973738742733405
2.499691697527035
-1.547331520809674
-3.594374636614217
-8.62422827321438
7.177815730635089
-8.698769021242931
2.484493386880145
2.48426250032261
2.4841955730620016
3.2309973984678773
3.2313956650657274
3.2315197237918567
3.0179062531349503
3.016038807996215
3.0154577156100166
-0.21906991744143
0.08993668159701519
0.1652178203417943
3.01270366512066
3.0112760228778193
3.0108176401255924
-3.1595704296870375
-3.468423857841983
-3.5436619295507388
